country,year,income_cat,NA/couldnt,savings,family_friends,work_loan,borrowing,selling_assets,other
Afghanistan,2014,q1,0.3785019530250693,0.049827850742859774,0.4013146970664886,0.08084219952857544,0.0016510077566437105,0.015267100782313728,0.07259519109804957
Afghanistan,2014,q2,0.35516403436677557,0.05140974883730466,0.4348729144070439,0.0710681107782526,0.012000128093079043,0.011097277141910854,0.06438778637563332
Afghanistan,2014,q3,0.33174529282238896,0.10195719863024834,0.3614359371528251,0.09351338458592176,0.019060011208950903,0.0,0.09228817559966492
Afghanistan,2014,q4,0.2887460454940046,0.09436065400963288,0.3291723606376413,0.1198274316983105,0.013319985549445348,0.022310020094530928,0.13226350251643434
Afghanistan,2014,q5,0.314127989223719,0.16287537872209623,0.352251322057607,0.07154544649051835,0.0056032412586875125,0.009297095069441553,0.08429952717793042
Afghanistan,2017,q1,0.54034730049407,0.0029249135484900914,0.2916250674643836,0.12156970169320598,0.0,0.019668442329715433,0.02386457447013491
Afghanistan,2017,q2,0.5306223780076841,0.02817499092713701,0.3351678012926702,0.06914481660993187,0.0,0.003646759452807249,0.033243253709769445
Afghanistan,2017,q3,0.39757482034388186,0.014549910486711861,0.36104957924061026,0.15929732119234719,0.0,0.029774381563131242,0.03775398717331764
Afghanistan,2017,q4,0.43484057731479425,0.0277758084722999,0.3359471475033561,0.15307616830831663,0.0014157645716850434,0.03156016889625022,0.015384364933297897
Afghanistan,2017,q5,0.3008346614475777,0.06124261580686343,0.41255149225104193,0.14807983996300503,0.01131528525560189,0.008852329221839931,0.05712377605407002
Afghanistan,2021,q1,0.1560004416249911,0.0,0.7631433301699042,0.036533471920898106,0.0054690266136123164,0.02481598678104324,0.014037742889551135
Afghanistan,2021,q2,0.1714189099444151,0.0,0.656420121905938,0.02773599657049591,0.008971482048269705,0.13193947649590737,0.00351401303497384
Afghanistan,2021,q3,0.10956949465072167,0.013016555879302857,0.7040986309200621,0.06098808399910606,0.0,0.11232723455080734,0.0
Afghanistan,2021,q4,0.09397340769716152,0.009834013063706574,0.6521439615622416,0.10293766206276905,0.004322941076633081,0.1293111942360925,0.007476820301395519
Afghanistan,2021,q5,0.06670424776273247,0.03657120744298384,0.6318615741198446,0.14545375328293927,0.021835951942009536,0.09280897501196979,0.004764290437520566
Albania,2014,q1,0.5566283370674278,0.060577720670124846,0.32947685275520777,0.03950389031276195,0.0,0.0,0.01381319919447765
Albania,2014,q2,0.34740608050030947,0.08451284584484034,0.4453526233152654,0.09567097380511366,0.004821394740942364,0.005387961924424021,0.01684811986910471
Albania,2014,q3,0.27194972797984407,0.13842935370507345,0.4809817757466784,0.0820299748325847,0.0,0.006459930682723504,0.020149237053095882
Albania,2014,q4,0.2256378730192143,0.16981736622942004,0.48015104495172733,0.10065998643811085,0.0,0.0027742048486900156,0.020959524512837464
Albania,2014,q5,0.15683963188456546,0.21540730950527545,0.41076084485949926,0.1998611289989787,0.012916905764714836,0.0024643173015371157,0.00174986168542916
Albania,2017,q1,0.6826863648820454,0.0557936276754464,0.20273591223709475,0.03283253381790819,0.015848888310467817,0.0101026730770376,0.0
Albania,2017,q2,0.6094529131210158,0.07554891845425518,0.23422587941425918,0.025691025730467977,0.048459291009987616,0.006621972270014258,0.0
Albania,2017,q3,0.5011325808183184,0.11087696880149774,0.27953236193245584,0.08575651377335376,0.011340564350643205,0.011361010323731012,0.0
Albania,2017,q4,0.36213034654163223,0.1546111876791201,0.32580485589073693,0.12902773745862264,0.017923555209308564,0.0,0.010502317220579491
Albania,2017,q5,0.22697602369640532,0.24940426793365741,0.3055754892955671,0.19189214056899628,0.017111782625813785,0.0,0.009040295879560083
Albania,2021,q1,0.18934190937081502,0.07490232891674929,0.6055855301289116,0.033281174890855615,0.035377268502468605,0.05676851484571539,0.004743273344484467
Albania,2021,q2,0.1234561208910488,0.15787400292574355,0.5668561662847875,0.054193461038944034,0.06157448643746257,0.02225207198270002,0.013793690439313583
Albania,2021,q3,0.08983453441680157,0.14256498490108108,0.6143301047955185,0.11352813881972587,0.036341698161069615,0.003400538905803434,0.0
Albania,2021,q4,0.03630239049545148,0.28067708266702773,0.5370062361120398,0.10164543968441828,0.04043366110291889,0.00393518993814374,0.0
Albania,2021,q5,0.034376296043796835,0.3905257558547237,0.37459190781602175,0.1811334706279078,0.01268494641482632,0.004007725897355256,0.0026798973453683555
Algeria,2014,q1,0.2980126791788299,0.18651525045245074,0.4331981705885757,0.05618718129551927,0.0,0.011304016212105106,0.014782702272519337
Algeria,2014,q2,0.2177531383433337,0.17486969379694237,0.4703716044299799,0.08426036355078617,0.017198209593689878,0.022194296104976086,0.013352694180291854
Algeria,2014,q3,0.12545788840029523,0.3359080263720518,0.47166853712091716,0.057048675857806944,0.003693994374732778,0.0,0.006222877874196146
Algeria,2014,q4,0.10713838777694817,0.3418719192053268,0.4298912692236207,0.09575021213874335,0.007278950512737801,0.0,0.01806926114262323
Algeria,2014,q5,0.04708715866380542,0.5234829755617518,0.32042911427265347,0.07945546510380883,0.0070483532833320135,0.004996597849957673,0.01750033526469072
Algeria,2017,q1,0.5272308882050843,0.10632432939980246,0.23718333404092565,0.12720101681591034,0.0,0.0,0.0020604315382771682
Algeria,2017,q2,0.5051712148888378,0.07481984952331543,0.20837362803040704,0.1709551903413326,0.00899872805932189,0.006455540207866516,0.025225848948918776
Algeria,2017,q3,0.3901527748937928,0.14932997007764004,0.30864700857102295,0.13050611499218495,0.010326461089789138,0.007900212065467021,0.00313745831010311
Algeria,2017,q4,0.3507747657018158,0.1782329035167731,0.2902792331330591,0.15115779842526184,0.013518534313632397,0.010036529683256284,0.006000235226201375
Algeria,2017,q5,0.19157982786560687,0.32943291554068055,0.23164666466093228,0.22008828359714863,0.009844201994032164,0.0,0.017408106341599512
Algeria,2021,q1,0.27722700423142005,0.11989159212962523,0.38017267267770105,0.1397386373742124,0.01977329355784506,0.024035969814395992,0.03916083021480023
Algeria,2021,q2,0.13307177378316204,0.11993396974270405,0.5620870560318696,0.09906721445029042,0.006605303965042848,0.0792346820269312,0.0
Algeria,2021,q3,0.13832296617956444,0.2437254274316732,0.4832377420396684,0.08789608529816999,0.014708606375375959,0.03210917267554802,0.0
Algeria,2021,q4,0.04961841777205829,0.219415290665523,0.5471312946200728,0.12159261658411016,0.013142994737960078,0.044956568352323874,0.00414281726795166
Algeria,2021,q5,0.031927277937191675,0.34182676479878527,0.47926583346896073,0.1301927543776374,0.002584194598909845,0.009064079010692703,0.005139095807822451
Angola,2014,q1,0.738276208523118,0.05774915915078138,0.11693074611117778,0.07746816787088914,0.0,0.00430277630243526,0.005272942041598426
Angola,2014,q2,0.6490634106194998,0.08765299304449552,0.1661504700998974,0.09713312623610733,0.0,0.0,0.0
Angola,2014,q3,0.4857433996503491,0.09487273938734349,0.19887309759558383,0.21556954547695328,0.0,0.004941217889770349,0.0
Angola,2014,q4,0.5239632396465053,0.11762028449421559,0.18783518951317235,0.17058128634610675,0.0,0.0,0.0
Angola,2014,q5,0.3552972702072727,0.21049494284992443,0.18717767092602566,0.2114248840632595,0.011451682314897396,0.0032517590012181054,0.020901790637402256
Argentina,2014,q1,0.33464699602762865,0.07358287755844471,0.5091113239777606,0.05473749060276936,0.0,0.013280759665528738,0.014640552167867875
Argentina,2014,q2,0.3784120356359477,0.07056335167020342,0.43823618207641474,0.06661976618442121,0.0278625980863187,0.0,0.018306066346694357
Argentina,2014,q3,0.18998143952449745,0.15081316997386696,0.48799750630833644,0.10652681427134664,0.035731784731868214,0.02333855926683323,0.005610725923251163
Argentina,2014,q4,0.26526892063954827,0.16371139867828946,0.3785566428926554,0.17784002349734554,0.014623014292161313,0.0,0.0
Argentina,2014,q5,0.1826559260724869,0.153055781107332,0.41926357459009844,0.1739325746991107,0.04839195664093952,0.008186131055218182,0.014514055834814327
Argentina,2017,q1,0.8222241436864669,0.0337351753109456,0.06270142591293106,0.05375695971681098,0.024622624811687418,0.002959670561158064,0.0
Argentina,2017,q2,0.7473246845061327,0.01597774104471628,0.1247424878986418,0.08912460636049241,0.018081736002079473,0.0,0.004748744187937483
Argentina,2017,q3,0.6724738486537831,0.08980625312312161,0.11648130671332663,0.09668877123045833,0.012057425043460716,0.0040650617688264825,0.008427333467023068
Argentina,2017,q4,0.5917697140820075,0.05356722415479213,0.12008198241744242,0.16187339204331913,0.02872155081964409,0.016077240407634634,0.027908896075160106
Argentina,2017,q5,0.4620491049286748,0.12633826866228962,0.12443461391889503,0.2136936215279428,0.02794476862107032,0.01637381581175628,0.02916580652937114
Argentina,2021,q1,0.259433090926561,0.041409720022718255,0.3789366808916566,0.07035042483300522,0.14542180130339957,0.058044087741482016,0.04640419428117726
Argentina,2021,q2,0.11718688858500073,0.02871851234228893,0.42284651270661927,0.14120737953747953,0.19796116693417126,0.011826725565728703,0.08025281432871151
Argentina,2021,q3,0.12168070424336905,0.07701517482414481,0.4418868879738525,0.1273908307588634,0.12346886174658002,0.02747028935099527,0.08108725110219502
Argentina,2021,q4,0.09501469064973568,0.1604442287383106,0.30757775939440446,0.21071401937412504,0.10581771794139098,0.021227063366329908,0.0992045205357033
Argentina,2021,q5,0.09052401725721194,0.22337065267926975,0.3636917593210419,0.17010667091493972,0.0668068100154273,0.02620524675550612,0.059294843056603236
Armenia,2014,q1,0.49610079506088206,0.010782364662971382,0.4535998851343764,0.015855417738702745,0.0,0.0033996195315971925,0.020261917871470227
Armenia,2014,q2,0.4571353160500999,0.045598975720966585,0.4439973141993125,0.012645152762489828,0.0051446851182016485,0.01611335257089547,0.019365203578034108
Armenia,2014,q3,0.3459632696746859,0.013863657968821413,0.4786711182967753,0.08309310360449444,0.003220798554696603,0.0299551659900214,0.04523288591050502
Armenia,2014,q4,0.38077937972504056,0.03443314912774913,0.4768331119295241,0.08013768411026918,0.0026785800345415917,0.0,0.025138095072875375
Armenia,2014,q5,0.18676379849145325,0.08361436788406189,0.48780492050760405,0.1889894463072159,0.005831886743543201,0.00232730660046736,0.044668273465654405
Armenia,2017,q1,0.7625188851751782,0.02415166796607846,0.09987631328179776,0.01527864293609497,0.08564722560888899,0.0073124190371033765,0.0052148459948581916
Armenia,2017,q2,0.5904521827774123,0.011070620610654808,0.23592566121324804,0.017470798933910354,0.10381659421207426,0.03367716510208498,0.007586977150615344
Armenia,2017,q3,0.6362929795534159,0.0,0.15674263097843216,0.02492599634889075,0.14489330934496583,0.03234564862182227,0.004799435152472992
Armenia,2017,q4,0.5005138643769377,0.03192186260932817,0.28246657099010064,0.09304219230136343,0.07965043959920023,0.0,0.012405070123069788
Armenia,2017,q5,0.4923167215399253,0.10465421752261643,0.18153112824041445,0.11412186177969796,0.08279630626876766,0.009860830485782117,0.014718934162796113
Armenia,2021,q1,0.25620503542750955,0.06426147080276447,0.4025916000624963,0.06883153375103848,0.1451230308620556,0.04695388363260475,0.016033445461530803
Armenia,2021,q2,0.17285872884532985,0.03729812251819131,0.4397649695084281,0.12231487104325062,0.171261177589132,0.020595948037198903,0.03590618245846923
Armenia,2021,q3,0.18874145322105848,0.10125798251821364,0.38533359022000435,0.1270509802843099,0.1215208346404236,0.05827088461010427,0.017824274505885713
Armenia,2021,q4,0.16583106733783226,0.07697887709885089,0.4289109900791284,0.1545199329904112,0.12299469181269025,0.03179242447713965,0.01897201620394735
Armenia,2021,q5,0.06863150847692895,0.19825576508923526,0.37729028209717624,0.1954598817801806,0.08885402993620697,0.007959363949762318,0.06354916867050964
Australia,2014,q1,0.317555084576895,0.3283227425353147,0.11940001808338918,0.12237148064571418,0.07618091646209267,0.0,0.03616975769659429
Australia,2014,q2,0.18961516050949584,0.4192323837265072,0.15836628503732794,0.057305275875680343,0.09459231623770217,0.0,0.08088857861328659
Australia,2014,q3,0.09208159416419083,0.5498463499513038,0.1951244574404436,0.028002971523261005,0.10326196626388923,0.0,0.03168266065691161
Australia,2014,q4,0.06357227449165467,0.6921944420976112,0.020457669644675124,0.06395546846358394,0.1510169582284457,0.0,0.008803187074029403
Australia,2014,q5,0.07009184763150612,0.638874544896914,0.07922220594770046,0.1292398148600957,0.059887460341667496,0.0,0.022684126322116287
Australia,2017,q1,0.3984358000077858,0.26084976547935457,0.17365238216472695,0.08559016220122644,0.07309216433272568,0.0083797258141806,0.0
Australia,2017,q2,0.24464540113145847,0.49956790373783494,0.060662135879305246,0.10422191837991394,0.0788814099966344,0.012021230874852944,0.0
Australia,2017,q3,0.18582460268852208,0.585723478747359,0.029882571829707463,0.096813611314554,0.07538119715186735,0.01949079383915982,0.006883744428830264
Australia,2017,q4,0.13469080867767808,0.6037271185228917,0.05810058849165035,0.07675574939302696,0.10743055352403916,0.018017551686643703,0.0012776297040699755
Australia,2017,q5,0.10249910737944723,0.6546024441953502,0.037260264690524285,0.1433742702659313,0.05329679765129274,0.00669437186159253,0.0022727439558617403
Australia,2021,q1,0.07945311228217593,0.437338146222383,0.14222840428300434,0.07523179413462884,0.09104620185923817,0.10413481455965036,0.07056752665891937
Australia,2021,q2,0.038152986730483014,0.684312126191724,0.07646944459576238,0.06997142716735227,0.04970672564146483,0.03606076573239261,0.04532652394082087
Australia,2021,q3,0.005584986370938239,0.6204255282723418,0.07426908268315097,0.13119825886800296,0.10565352117671001,0.027634915395327645,0.03523370723352847
Australia,2021,q4,0.024014026624180267,0.7298732912224881,0.05760311759202491,0.05521125891716806,0.05118325045291458,0.03706253331323949,0.04505252187798441
Australia,2021,q5,0.016198787146777607,0.7892996699365754,0.030960563868417484,0.10284527730599478,0.013780153443762015,0.005091452631050616,0.041824095667422005
Austria,2014,q1,0.23667551244251148,0.3860941164640121,0.17875287823003946,0.13037293659981267,0.037229187352682026,0.027266536298895857,0.003608832612046373
Austria,2014,q2,0.13752357312988367,0.5230368746323836,0.24101158733226252,0.06684631172814297,0.028766641402741586,0.0,0.00281501177458576
Austria,2014,q3,0.10044717697121436,0.5838601978203222,0.16214578218808348,0.07769239717446641,0.0605018687271251,0.0,0.015352577118788586
Austria,2014,q4,0.09491352945731177,0.5957078194699119,0.13501149981817193,0.11832566906263883,0.052338994687212544,0.0,0.003702487504753
Austria,2014,q5,0.09359488604915213,0.6502549371414614,0.12673945480548712,0.11051536203549332,0.009751584036480864,0.0,0.009143775931925105
Austria,2017,q1,0.4370820744574036,0.19759100980619743,0.2010698823053221,0.05585271364844732,0.0698073977613042,0.01682521076058912,0.021771711260736248
Austria,2017,q2,0.2829099341351738,0.3202370289786258,0.2130080031633615,0.075316009356101,0.08141935244122327,0.0024956644275365165,0.024614007497978103
Austria,2017,q3,0.2586674607612887,0.40578451267839566,0.16528263073955993,0.06484030711221674,0.10122620315137731,0.004198885557161658,0.0
Austria,2017,q4,0.172143931851345,0.5711219135583278,0.13080104041650564,0.06445588935173284,0.045000975643897254,0.004650040948270399,0.011826208229921075
Austria,2017,q5,0.10434103545217968,0.6217595377127171,0.09927595815828451,0.11404063970699653,0.04173789125778466,0.0016304044170927904,0.0172145332949448
Austria,2021,q1,0.10597653878628398,0.5383617319866371,0.16508303812891575,0.09738005369329451,0.05984520006119063,0.008410734543880888,0.02494270279979707
Austria,2021,q2,0.04314947603991844,0.5835786466852815,0.16576925451273578,0.1077699078669992,0.05528546807368931,0.01770721727644719,0.026740029544928656
Austria,2021,q3,0.04419957906178413,0.6184540170844874,0.12179358373060521,0.08259366556294251,0.10141911409369414,0.008013314038339416,0.02352672642814722
Austria,2021,q4,0.06352403991353307,0.5967434498769608,0.1463000365193573,0.08070291137518902,0.057647428494704604,0.01716673649935603,0.03791539732089924
Austria,2021,q5,0.06544070802365812,0.5766959038911474,0.10687215952558485,0.07454327931139537,0.08952207213969898,0.03310046440975021,0.05382541269876504
Azerbaijan,2014,q1,0.3591018054988744,0.14287187712162594,0.4770731134933758,0.01251413179712157,0.0017131122227373634,0.006725959866264909,0.0
Azerbaijan,2014,q2,0.252423895870044,0.10955611164800447,0.5116125960168864,0.0861373480922569,0.03148590611080981,0.005119637716100511,0.003664504545897968
Azerbaijan,2014,q3,0.2602731528093294,0.150384168591974,0.4928289728074984,0.06714933849610576,0.011231450265988744,0.015287751005877976,0.0028451660232256927
Azerbaijan,2014,q4,0.17063022495627417,0.1495824157280432,0.5624498297670709,0.06926385796832805,0.02418065731168104,0.0049367507005443284,0.01895626356805833
Azerbaijan,2014,q5,0.20750419399263625,0.184885938255492,0.504860044512353,0.0757810971926616,0.0203558588087512,0.004323707219031926,0.002289160019074058
Azerbaijan,2017,q1,0.7047975796028385,0.015563810293416561,0.23085226245430168,0.011519519831621201,0.0,0.017668345417282537,0.019598482400539404
Azerbaijan,2017,q2,0.6150791522378755,0.0014682065386023067,0.31862633553031816,0.019449809676597478,0.028601624794607778,0.004309065891233086,0.012465805330765802
Azerbaijan,2017,q3,0.5742521515552108,0.014358592375565289,0.33306268550365464,0.03258765886435145,0.04573891170121779,0.0,0.0
Azerbaijan,2017,q4,0.5544271924761285,0.04486354645721687,0.30187706472701437,0.05306398034576013,0.039345416527923054,0.0,0.006422799465957097
Azerbaijan,2017,q5,0.37538353510081324,0.1322503081377744,0.26788904237279193,0.1606113927074158,0.052346531234877994,0.0,0.011519190446326513
Azerbaijan,2022,q1,0.3764183109637173,0.039534884878595467,0.40771429584512675,0.04166770181214322,0.07659616843240859,0.04246939761613858,0.01559924045187013
Azerbaijan,2022,q2,0.33106385047044284,0.046133344477792194,0.37088482153695207,0.13319592511090983,0.07523807778462815,0.027324395474930905,0.01615958514434391
Azerbaijan,2022,q3,0.2161315842712985,0.11133762292054808,0.43718366929544666,0.12657366848846852,0.08470709466054954,0.017365443866092005,0.006700916497596786
Azerbaijan,2022,q4,0.1648271281152,0.0874932182080065,0.5782152744673058,0.10865552530990107,0.029108305244254933,0.009985011292727117,0.021715537362604505
Azerbaijan,2022,q5,0.18759668035211227,0.10235938285337218,0.42964931230849285,0.1784629607351674,0.07417309147511213,0.013476282258253118,0.014282290017490023
Bahrain,2014,q1,0.4346442714481829,0.10538337632134999,0.2668422999356054,0.13505563510675286,0.0014864099462259144,0.009089675396391208,0.047498331845491744
Bahrain,2014,q2,0.3046120542867578,0.133221978292748,0.2941231358429845,0.19364171136629668,0.006560960931006923,0.009613333782696788,0.05822682549750927
Bahrain,2014,q3,0.2858988039181603,0.15499055351865715,0.22872812583819757,0.2504905211929381,0.01719200189845691,0.004727231521063122,0.05797276211252683
Bahrain,2014,q4,0.17558005876554783,0.18672298772669427,0.27775633413604356,0.2875168030586829,0.025248057921217763,0.0,0.047175758391813774
Bahrain,2014,q5,0.0949754708413695,0.3381566720103613,0.24126634908977423,0.26558536064492166,0.037363785282954316,0.0,0.022652362130618987
Bahrain,2017,q1,0.5936660030908063,0.08788903862825338,0.1913378882016222,0.10915650734140421,0.010548592551308337,0.006495495826643755,0.0009064743599619401
Bahrain,2017,q2,0.5999464675485698,0.09979309201520212,0.16518326439236813,0.09412486294606394,0.030650125307443203,0.0044536735345549455,0.005848514255797927
Bahrain,2017,q3,0.42079889715963065,0.1738202005162124,0.2148342417012314,0.13358609709693445,0.04743682173155325,0.005528798815758854,0.00399494297867907
Bahrain,2017,q4,0.34559958227985516,0.1978190202442965,0.25193602188036995,0.1644532512272576,0.0281849238213076,0.000901289535351704,0.011105911011561486
Bahrain,2017,q5,0.29402173795769965,0.2805241259793142,0.1363276548552721,0.23684382703860388,0.038092157337485666,0.002127870345358434,0.012062626486266076
Bangladesh,2014,q1,0.4454738906125725,0.04642567002363101,0.4006397562834006,0.05967521437212545,0.0,0.007259296987280323,0.04052617172099006
Bangladesh,2014,q2,0.35858860272921855,0.034202681211937015,0.43061507146707567,0.12185367796004344,0.004783937312265948,0.007001079886152083,0.04295494943330724
Bangladesh,2014,q3,0.28064586815692566,0.05434492168071221,0.47341915823408337,0.15107837353188394,0.011649951481940398,0.0,0.02886172691445435
Bangladesh,2014,q4,0.22626306613165306,0.07909604155380101,0.5019325581653745,0.13848389964007157,0.0,0.010604762562589836,0.04361967194651001
Bangladesh,2014,q5,0.08929534534067658,0.16982605662944933,0.5841981336123142,0.12893168377769015,0.0038584595232399846,0.0,0.023890321116629712
Bangladesh,2017,q1,0.5760758954649384,0.03008334238529164,0.19957920673758198,0.1523287296253732,0.024996655851028303,0.016936169935786526,0.0
Bangladesh,2017,q2,0.43847515618489274,0.030092929098474285,0.3544205874721988,0.1451323606463265,0.01963404055200164,0.012244926046105978,0.0
Bangladesh,2017,q3,0.3797718049997308,0.01691110216037928,0.3411887417623671,0.20761945734648699,0.03569443123856062,0.01881446249247529,0.0
Bangladesh,2017,q4,0.1943611535338711,0.1294099559855285,0.3649035008157227,0.2581529638831885,0.0068721894773252305,0.0398785227265457,0.006421713577818274
Bangladesh,2017,q5,0.20687846982770838,0.09040214070186367,0.4097123197033743,0.26669418377310006,0.004414473747929962,0.012859350730120697,0.009039061515902969
Bangladesh,2021,q1,0.1625173246298421,0.01910193141311038,0.35889102299956854,0.31114725055435744,0.08501541209897674,0.0409791446189627,0.022347913685182054
Bangladesh,2021,q2,0.1238126006501537,0.0,0.3788703537235939,0.35235009523653343,0.08489110223135438,0.04999808950212577,0.010077758656238923
Bangladesh,2021,q3,0.1462180810280237,0.01351678155731298,0.34175866606365723,0.3616201253832898,0.06088330595417458,0.06442515854735527,0.011577881466186423
Bangladesh,2021,q4,0.05066560076461663,0.02677379489193267,0.5141334273668425,0.3117031181709967,0.05479624975288617,0.03237815872951745,0.009549650323207814
Bangladesh,2021,q5,0.10499442155737022,0.08257035850101199,0.30565581267151976,0.3869104249666419,0.054867469151218054,0.028107837074794237,0.036893676077443815
Belarus,2014,q1,0.2637060902912542,0.17955584412444373,0.3788153507224534,0.14997290478604694,0.02182495247605284,0.0024499430398995667,0.0036749145598493523
Belarus,2014,q2,0.09262551374715032,0.20536184999870644,0.5031582248114568,0.16358626585233738,0.012403116203037782,0.0,0.022865029387311372
Belarus,2014,q3,0.14502943197584728,0.28575462029573884,0.41815298495232034,0.14779504818399325,0.0,0.0,0.0032679145921003004
Belarus,2014,q4,0.16117218877920658,0.2929840218356719,0.39125030750557244,0.1512342090063988,0.0,0.0,0.0033592728731502404
Belarus,2014,q5,0.09244803574826198,0.2517191710999491,0.36110313088468093,0.24829365671919348,0.03299921161215137,0.0,0.01343679393576305
Belarus,2017,q1,0.5193696881774149,0.0624990801249579,0.3118409776918316,0.06737542940957185,0.028495897527268513,0.006438856518315416,0.003980070550639884
Belarus,2017,q2,0.37842382945653286,0.13860822604719014,0.3646214446081704,0.07877063458195645,0.0362204902738938,0.0,0.0033553750322563186
Belarus,2017,q3,0.3974176136253891,0.20343476766742072,0.2675707144700048,0.08008140296889708,0.051495501268288314,0.0,0.0
Belarus,2017,q4,0.2998587500548302,0.19872528029254244,0.32814824989335695,0.1035312288901064,0.061818074523103256,0.006308183753029554,0.0016102325930312615
Belarus,2017,q5,0.22587753472385988,0.32714793576937384,0.26704413271992755,0.15466857611359267,0.021920770150807838,0.0016500174757091343,0.001691033046729029
Belgium,2014,q1,0.34320039145586306,0.27594354785698133,0.14412232736379335,0.17365663156856032,0.04214864401269757,0.0,0.020928457742104372
Belgium,2014,q2,0.27198465033073427,0.38387838611385044,0.1751938693666714,0.10518243161164859,0.05222008376610162,0.0,0.011540578810993709
Belgium,2014,q3,0.24556231126308356,0.41063541455423647,0.15509632984130892,0.13705032394846386,0.032332497050727424,0.0,0.01932312334217981
Belgium,2014,q4,0.2111687559748928,0.5480417592991335,0.051922113622544654,0.10580689107984352,0.02255927948600267,0.0,0.060501200537582955
Belgium,2014,q5,0.10387454079463806,0.6031002466983535,0.09792826642341088,0.10161928532095245,0.0508567250472504,0.0,0.04262093571539477
Belgium,2017,q1,0.5069908654151597,0.26949805683043143,0.1341552967650191,0.03792213108740597,0.02789747038798792,0.023536179513995892,0.0
Belgium,2017,q2,0.4479096963092157,0.41389505704623164,0.05576184622480101,0.042529593811769954,0.02171009055845199,0.0,0.018193716049529678
Belgium,2017,q3,0.26668410568412065,0.47653617727452124,0.11066873624750159,0.09027140831107067,0.03792633976669608,0.008501175924432457,0.009412056791657266
Belgium,2017,q4,0.24193858196123497,0.5541235702579711,0.08725732300225665,0.05825363279787365,0.03630291783140211,0.013192782690007275,0.008931191459254265
Belgium,2017,q5,0.12407021364790305,0.6701866163246324,0.061195046880658514,0.09866801918032696,0.03423808532343783,0.0015993385096130552,0.010042680133428124
Belgium,2021,q1,0.03642225331200797,0.34095051593496717,0.24897950837242558,0.15701781096060832,0.14025884590481266,0.0,0.0763710655151783
Belgium,2021,q2,0.060205766643226986,0.5215058832684221,0.12042400385638015,0.10504274402473772,0.10641147178875368,0.022310245934257927,0.06409988448422148
Belgium,2021,q3,0.04164196029410591,0.5809366273386611,0.1543423948393441,0.141728458657464,0.02586662140925425,0.013126453342209066,0.042357484118961564
Belgium,2021,q4,0.027593889923498163,0.6338064041542536,0.13162197506816567,0.10813932926388242,0.05653030982535383,0.01623950501817598,0.026068586746670192
Belgium,2021,q5,0.024102126472687828,0.6425875124451986,0.08336889840783927,0.1902168997827785,0.033962526885357947,0.0,0.025762036006137842
Belize,2014,q1,0.3592801473330387,0.15434875236427517,0.35280220399988615,0.08220113827121721,0.009964181365754471,0.03011180296774706,0.01129177369808111
Belize,2014,q2,0.40915304549698384,0.13304397917130723,0.32821485516935855,0.06743367398393442,0.01589175728915579,0.04626268888926022,0.0
Belize,2014,q3,0.20308624409618548,0.10943755343230893,0.4433291143834538,0.18362130951699915,0.014960624929224831,0.013189839607822954,0.032375314034004815
Belize,2014,q4,0.18900365274405673,0.1949582223079398,0.4256256862005578,0.10517253647990177,0.022533789173175674,0.029843456311767914,0.03286265678260038
Belize,2014,q5,0.1355271041977383,0.3478103724684757,0.3493785555724273,0.13691740813456812,0.011787265596471069,0.01857929403031943,0.0
Benin,2014,q1,0.508490611151956,0.08432408923082234,0.14981971971172733,0.19665538929219334,0.008986568128937986,0.011982090838583963,0.03974153164577906
Benin,2014,q2,0.389136571298799,0.25122181936005933,0.13391090324348762,0.13799564077587823,0.009209723824917861,0.0,0.07852534149685782
Benin,2014,q3,0.3384159635825092,0.2389174427093933,0.12718723844698435,0.18573627162031703,0.011841302055613744,0.029272412184501245,0.06862936940068104
Benin,2014,q4,0.23719818460621614,0.3646126127887615,0.1791748220703962,0.1660900705585342,0.006605523989416911,0.005261180472441306,0.04105760551423367
Benin,2014,q5,0.20086350460062866,0.3684018571403678,0.2557964457114475,0.12170808030192576,0.02053583653288307,0.003347087926286129,0.02934718778646098
Benin,2017,q1,0.7035590542722246,0.06619930305894357,0.042432842917409834,0.08759969010770917,0.031808609123787,0.042926522832875846,0.025473977687050002
Benin,2017,q2,0.6382547714429561,0.044002075088890764,0.0818802479463141,0.1696028903669546,0.006068403933540422,0.04446753212935166,0.01572407909199239
Benin,2017,q3,0.6076276229113967,0.05133918092529953,0.04802847568126166,0.15067554472619107,0.046213152229878825,0.08402577545882854,0.012090248067143717
Benin,2017,q4,0.5598913797848817,0.15291260227560913,0.03242891977745869,0.15570925227886195,0.012663617388377563,0.086394228494811,0.0
Benin,2017,q5,0.4765410549443856,0.1368216198926899,0.08263438591773395,0.2237648016011431,0.007456737941941107,0.07278139970210636,0.0
Benin,2021,q1,0.2322913797646112,0.09383443124795844,0.2665733572571454,0.1716058048981487,0.06198818779043817,0.15669876392238583,0.01700807511931225
Benin,2021,q2,0.14471228007358097,0.1453766765239494,0.295542749519657,0.24679522906906726,0.0647214116651188,0.07768034369657097,0.025171309452055615
Benin,2021,q3,0.1246585556376785,0.170381604652955,0.27740528398229064,0.20599368351838013,0.1323191413876222,0.08748207562188047,0.001759655199193055
Benin,2021,q4,0.10113915148051476,0.18073148843817352,0.31851663650158746,0.2152742643889697,0.07452939888087828,0.10374564687716824,0.006063413432708128
Benin,2021,q5,0.0931006905594749,0.22437369043498306,0.27344580566954746,0.2050700275176141,0.11672775456751061,0.061767792851104855,0.02551423839976501
Bhutan,2014,q1,0.143917998242036,0.14265429712015362,0.595644130829596,0.07355282045306277,0.0,0.0,0.04423075335515149
Bhutan,2014,q2,0.0808867779581985,0.21600880472795422,0.620836718346509,0.06777865850590652,0.0,0.0,0.014489040461431771
Bhutan,2014,q3,0.061711721735462854,0.22358469181171142,0.641361463309318,0.03023748726027865,0.0,0.0012090587392739349,0.04189557714395509
Bhutan,2014,q4,0.013445385770248291,0.36467195825367016,0.45510439596490343,0.08087238427421066,0.003945197285050378,0.009244384335553354,0.07271629411636364
Bhutan,2014,q5,0.05596229682885601,0.45798426273639276,0.3493501293959304,0.07638899931660821,0.014602656083706827,0.0,0.04571165563850578
Bolivia,2014,q1,0.3007999591819518,0.1903572473329156,0.29506964195367325,0.18974908926465092,0.01295435116717962,0.0017212607948658646,0.009348450304762886
Bolivia,2014,q2,0.16275714008621694,0.16982568753731708,0.33532096442850157,0.2738304279546157,0.03189770400610056,0.012758950104547587,0.013609125882700471
Bolivia,2014,q3,0.11110660344992898,0.1967178840717485,0.38157874812132775,0.2717215821825451,0.023459879981483307,0.005326552664939893,0.010088749528026535
Bolivia,2014,q4,0.10442909258082465,0.2603749867330818,0.2299184502026332,0.30506410100699966,0.0514038278145429,0.0056306976284515205,0.04317884403346635
Bolivia,2014,q5,0.08637201856878599,0.3889889093525472,0.19066207407891572,0.32340651624882355,0.0,0.00924745227001564,0.0013230294809119633
Bolivia,2017,q1,0.525847613357759,0.058923458938266025,0.1534963604019129,0.240440768442662,0.010040340066738275,0.011251458792661803,0.0
Bolivia,2017,q2,0.3369038528216933,0.18337367826179485,0.1505875048983717,0.2639484250518657,0.05373061725285449,0.011455921713419952,0.0
Bolivia,2017,q3,0.32101254323502265,0.15017858589410885,0.18930384343395495,0.3100412495252786,0.02157693405810354,0.00788684385353135,0.0
Bolivia,2017,q4,0.20637704187712422,0.1745827730889511,0.15927466913778968,0.4248501555671261,0.0324541048232803,0.0,0.002461255505728625
Bolivia,2017,q5,0.14813850708681578,0.23167888941548379,0.10758437467715742,0.4565756545148007,0.00811934913405512,0.020664327709242352,0.027238897462444782
Bolivia,2021,q1,0.24094176556529948,0.12679260857019037,0.38943056145205335,0.13898134731064857,0.07059781122133867,0.02172909544706301,0.011526810433406599
Bolivia,2021,q2,0.10482960734187842,0.21159439441282124,0.3743237081466786,0.21060420429729407,0.03399492207144259,0.038434737387346624,0.026218426342538487
Bolivia,2021,q3,0.1153021586809205,0.2661729654097822,0.24146074508010887,0.2663952265686176,0.07412950477634092,0.009300892819334746,0.02723850666489513
Bolivia,2021,q4,0.03256259452854552,0.32411546677404607,0.27521286395635397,0.21423393681755332,0.0544705285974636,0.04525703842791667,0.05414757089812089
Bolivia,2021,q5,0.050893345146117666,0.454044402420938,0.22955734635089195,0.20533708174574947,0.025154194188613952,0.010528124137683727,0.024485506010005223
Bosnia and Herzegovina,2014,q1,0.217582055070979,0.07488932022832448,0.5019050751616685,0.11334921126470357,0.04921173673958551,0.0,0.04306260153473891
Bosnia and Herzegovina,2014,q2,0.15639287033624366,0.15201131644785004,0.5558652500283975,0.08831393838960368,0.010030933761447104,0.0,0.0373856910364581
Bosnia and Herzegovina,2014,q3,0.19013299269422537,0.15002169304987747,0.45527629751104803,0.0805967020743795,0.06562078033491137,0.007472945180455217,0.05087858915510303
Bosnia and Herzegovina,2014,q4,0.2131761312908397,0.19229269175665076,0.43081147418936605,0.10339672494732756,0.03242273874450137,0.0,0.027900239071314524
Bosnia and Herzegovina,2014,q5,0.08316169081126802,0.23452248071734416,0.49377714585948507,0.1395198315150956,0.014374684021106414,0.0,0.03464416707570068
Bosnia and Herzegovina,2017,q1,0.5380955200751891,0.04233544220332419,0.3083604843636532,0.08476952398677437,0.01486078262636733,0.0032825358816755746,0.008295710863016162
Bosnia and Herzegovina,2017,q2,0.37962204657393483,0.04551181663882254,0.4087213211624585,0.12446426599056724,0.037285855744087416,0.0,0.00439469389012949
Bosnia and Herzegovina,2017,q3,0.2738197092936878,0.06862456841565974,0.4624602407569786,0.12324428338701979,0.04853272855486777,0.015165256825072478,0.008153212766713727
Bosnia and Herzegovina,2017,q4,0.28363242240169234,0.14503406570031915,0.37195761713212533,0.1066166019329342,0.08838300230880027,0.0,0.004376290524128669
Bosnia and Herzegovina,2017,q5,0.17359451526032116,0.15022382541867954,0.38229935850967905,0.22477187460438006,0.039045648214459446,0.015828076227420912,0.01423670176505988
Bosnia and Herzegovina,2021,q1,0.17453288311237614,0.059946084800158096,0.25476293475793654,0.4049658362138992,0.0775906420650947,0.021857354990869993,0.00634426405966528
Bosnia and Herzegovina,2021,q2,0.16592098016609905,0.12126243356806168,0.18886844095399166,0.354736252210447,0.07686921022322152,0.040022328227727014,0.052320354650452004
Bosnia and Herzegovina,2021,q3,0.2314092493762843,0.1093543429087112,0.16541868635280785,0.4103367965090176,0.06818363513134522,0.003665543810388553,0.01163174591144532
Bosnia and Herzegovina,2021,q4,0.11700594092133157,0.21134133842557487,0.12456536690175798,0.42274848173628854,0.05981165139706517,0.011890208636764828,0.052637011981217036
Bosnia and Herzegovina,2021,q5,0.043539687512570174,0.18369811616172646,0.1330023675181612,0.5574071663671968,0.030774344355339118,0.018976929210656763,0.032601388874349414
Botswana,2014,q1,0.38403651692125396,0.09290937252201817,0.3771351025742093,0.06253444417669546,0.00624477725667716,0.0017511755026330062,0.07538861104651301
Botswana,2014,q2,0.30141846451361043,0.10824183215101434,0.37800668304404483,0.06617966591359035,0.008396970164820243,0.025277994322004005,0.1124783898909158
Botswana,2014,q3,0.25985097306217275,0.1366225209128566,0.4220737798431194,0.06607376658547359,0.006179065285857423,0.018186702273874457,0.09101319203664589
Botswana,2014,q4,0.1494586811522664,0.27470931172557045,0.3703288514852563,0.0897741795476931,0.012379147542823245,0.0078099109905038246,0.09553991755588663
Botswana,2014,q5,0.16340287771346584,0.3800104795592097,0.24288096822200092,0.11956153191132018,0.003917233863852222,0.014634625678053728,0.07559228305209745
Botswana,2017,q1,0.9423999828488149,0.0016384585507469567,0.019776468971354304,0.010438220774175156,0.007561099021307011,0.009662420927036626,0.008523348906565087
Botswana,2017,q2,0.8938854394279304,0.027683641785160706,0.061450050532529575,0.011217837747836574,0.0,0.0,0.0057630305065427155
Botswana,2017,q3,0.8627878406243396,0.0,0.043377256683013614,0.024074369053752806,0.04749605358898368,0.017542520011135494,0.004721960038774818
Botswana,2017,q4,0.6989580034334966,0.01858954934871485,0.06713941255746861,0.07399621000233911,0.06904358622762158,0.04645044461947496,0.025822793810884412
Botswana,2017,q5,0.5694248012316591,0.1393432823050697,0.13058653333113776,0.10749253899071484,0.027856559023323017,0.02146728326305907,0.0038290018550364373
Botswana,2022,q1,0.34618808091285663,0.013349406979815953,0.30224686350058416,0.03146878748089745,0.129639120548461,0.1566729369542321,0.020434803623152708
Botswana,2022,q2,0.2710626371898632,0.02541576492036653,0.4183750065916262,0.020410211621736778,0.0667613145867003,0.14580928129379306,0.052165783795913974
Botswana,2022,q3,0.16628814110620796,0.04779952440356715,0.49076421800901526,0.034317586052460554,0.06980205408272505,0.1368245776331765,0.054203898712847476
Botswana,2022,q4,0.12722348107132495,0.10253394434947702,0.4354886446111595,0.06797275478935623,0.16002266459388104,0.07242442363675722,0.03433408694804399
Botswana,2022,q5,0.16250906378568675,0.061392664172235746,0.3529333524782857,0.10567780046361623,0.1492078164758608,0.12748054264430028,0.04079875998001447
Brazil,2014,q1,0.6581018613104311,0.023677621147517838,0.25684040804478536,0.04566843465474023,0.012560287292444633,0.0,0.0031513875500807286
Brazil,2014,q2,0.6104458552890883,0.05725858875108989,0.23261216995341966,0.03217947551116289,0.03540363758816229,0.014038067039996976,0.018062205867079854
Brazil,2014,q3,0.506003720228087,0.055157224384397616,0.3309988483060807,0.05385081794821586,0.042184413999127215,0.003550299252209728,0.008254675881881838
Brazil,2014,q4,0.3713719415680029,0.0922071438908287,0.3764269343029854,0.05655671544988238,0.06945674278450012,0.01549176278915755,0.018488759214642936
Brazil,2014,q5,0.18898578074083813,0.21124415826372878,0.4099766231295748,0.030827507321223732,0.15148867854549897,0.0037386259995678055,0.0037386259995678055
Brazil,2017,q1,0.7667140982282368,0.007349495342578233,0.18168334276429624,0.030725813825709464,0.0,0.013527249839179262,0.0
Brazil,2017,q2,0.700120290699397,0.028414525070116412,0.14402061667599658,0.06322908046332813,0.02665526644388966,0.030681365545236927,0.006878855102035382
Brazil,2017,q3,0.5413506783532614,0.05352370303612167,0.20738822040560484,0.10639622079863958,0.060974895686717094,0.02704103225159333,0.003325249468062112
Brazil,2017,q4,0.4136223223896638,0.10483486551307838,0.19768720320893213,0.1480153071503534,0.09786951280733089,0.028871500233350854,0.009099288697290486
Brazil,2017,q5,0.29905083582760433,0.1310230328528302,0.2167736132992361,0.1872695182303658,0.12509902595074535,0.009272905425239862,0.03151106841397845
Brazil,2021,q1,0.08518640015612107,0.023639629201636484,0.2235672210790484,0.35052163094253247,0.16189908195796976,0.1007063612600986,0.0544796754025932
Brazil,2021,q2,0.09991915373685774,0.10062460733578929,0.26215017460431594,0.31841688539597024,0.11913264817952736,0.0636663857164611,0.03609014503107829
Brazil,2021,q3,0.1030450415417843,0.0373039544232436,0.2524888926481691,0.4192866386603635,0.1431843134422644,0.032802399525082536,0.011888759759092652
Brazil,2021,q4,0.025709835606890604,0.10740287324387157,0.22135088606224748,0.3974642927590265,0.1441465659063533,0.05537792420024608,0.0485476222213644
Brazil,2021,q5,0.09320609427652353,0.238829166899758,0.16365461579325202,0.24555907939017113,0.09556851893100039,0.04669319146620338,0.11648933324309162
Bulgaria,2014,q1,0.46267526420585636,0.052891675632156666,0.40869536256401506,0.03695247623252875,0.03070901339542665,0.0,0.008076207970016576
Bulgaria,2014,q2,0.30433630941910195,0.12719567946204752,0.4837746575456489,0.03484526434358392,0.039380311386819945,0.0104677778427976,0.0
Bulgaria,2014,q3,0.28577964209591356,0.17612141301152665,0.4403645606181434,0.04067496620867564,0.044948747921809036,0.008013178817011562,0.004097491326920126
Bulgaria,2014,q4,0.1540609446642286,0.1915450586325387,0.5645279713772605,0.04822597001642849,0.03271732295831929,0.007275977685215589,0.001646754666008771
Bulgaria,2014,q5,0.09592810047334324,0.3254089109693811,0.4745007374078513,0.05922606176449242,0.0449361893849319,0.0,0.0
